-0.914821
0.274679
-0.817532
-0.101619
0.667070
0.402786
-0.158106
0.138017
-0.971275
0.501324
0.427568
-0.022544
0.185145
0.304029
0.457683
0.326612
0.573796
0.816071
-0.076190
-0.449644
0.619765
0.022589
-0.260976
0.329686
-0.433099
0.102160
0.766511
0.709082
-0.081122
0.522379
-0.355636
-0.001535
-0.225960
-0.156741
0.900181
-0.567078
-0.762035
-0.255449
0.583502
-0.733007
-0.752426
0.011492
0.239724
0.435700
-0.677678
-0.275887
-0.238659
0.882275
-0.479968
0.688134
-0.540629
-0.861776
-0.286779
0.256661
0.462203
0.270395
-0.701256
0.254391
-0.019178
0.216340
-0.253333
0.623782
-0.780046
0.525109
