0
0
0
0
0
0
0
0
0
0
0
0
0
0
0
0
0
0
0
0
0
0
0
0
0
0
0
0
0
0
0
0
0
0
0
0
2
3
3
3
3
3
3
3
3
3
3
3
0
0
0
0
0
0
0
0
0
0
0
0
2
3
3
3
2
3
3
3
3
3
3
3
3
3
3
3
3
3
3
3
0
0
0
0
0
0
0
0
2
4
4
4
4
4
4
4
2
4
6
8
10
12
14
16
18
20
22
24
26
28
30
32
0
1
3
5
7
9
11
13
14
16
18
19
19
19
19
19
2
4
6
8
10
12
14
16
18
21
25
29
33
37
41
45
2
4
5
7
9
11
13
14
14
14
14
14
14
14
14
14
0
0
0
0
0
0
0
0
1
3
4
4
4
4
6
7
0
1
3
4
4
4
4
4
4
4
4
4
4
4
4
4
0
0
0
0
0
2
3
3
4
6
8
8
8
8
8
8
2
4
6
8
10
12
14
16
18
20
22
25
29
33
36
38
2
4
4
4
5
7
7
7
7
7
7
7
7
7
7
7
0
0
0
0
0
0
2
4
6
6
6
6
8
10
10
10
