-0.822679
0.439951
-0.288184
-0.463330
-0.566326
-0.275087
0.779318
-0.777299
0.444637
0.669433
0.566405
-0.412595
-0.372029
-1.341389
-1.074647
-0.277763
-0.436723
-0.333522
-0.885047
1.014764
0.387359
0.855951
0.670733
-0.894911
0.972365
-0.800183
0.535561
-0.377782
0.968737
-0.160170
0.769410
0.513554
-0.742341
-0.627070
-0.474527
-0.530558
-0.271599
-0.601971
-0.021200
-0.336598
-0.893548
0.800484
0.436355
-0.052263
-0.431626
1.947391
-1.448439
0.444536
-0.201630
-1.125911
0.593945
-0.476393
-1.354204
0.083880
-0.768852
-0.931670
-0.808377
0.486335
0.126726
0.713732
-0.458760
-0.340106
1.906719
-0.187732
-0.371693
-0.805182
0.416587
0.543419
-0.559772
-0.777931
-1.251819
0.495976
1.066546
0.905875
0.204932
-0.673580
-0.218669
-1.125734
0.106924
0.068921
-0.096319
-0.558115
0.522528
-0.206163
-0.965608
-0.212275
0.530857
-0.443480
0.735829
-1.770771
0.816444
-0.708508
0.388962
0.418637
-0.908458
-1.188381
-0.019508
1.606252
0.697590
-1.308610
-0.130359
-0.932220
0.956833
-0.396086
-0.164280
-0.684286
0.471926
0.459957
-0.244895
-0.803536
-0.197962
0.140569
-0.803681
-1.140364
-0.618477
-0.401587
-0.481230
-1.239834
-0.579648
-0.476547
-0.389616
-0.295211
0.074621
0.779962
-0.137023
-0.169872
-0.123988
-0.132696
-0.294412
0.015894
-0.973380
0.868557
0.096101
0.632829
-0.447163
-0.983687
-0.701581
-1.028321
0.455582
-0.056893
-1.438993
-0.982256
0.093272
-0.695171
-0.818862
-0.809083
0.181217
1.029796
-0.031197
0.534035
-0.668631
-0.816378
-0.603029
0.519401
-1.177327
0.588735
-0.313425
0.439277
0.087600
0.209900
0.338280
0.089418
0.867097
-0.547234
0.100667
-0.507535
-0.379226
0.510941
-0.444652
-0.881993
-0.574334
0.422027
-0.549524
-0.371377
0.307284
0.295468
0.157988
0.356927
-0.047175
0.854003
-0.954401
0.719910
-0.827405
-0.444530
0.390954
-0.821208
-0.558923
-0.715708
-0.582248
0.530245
-0.775486
0.374981
-0.616495
-1.106774
-1.043341
2.026927
-0.330096
-0.421059
0.076589
-0.322858
0.092356
1.215117
-1.138799
0.098767
-0.992445
0.240799
0.853996
1.036228
0.057798
-1.202976
0.066040
0.525952
-0.583568
0.238482
-0.918549
0.807434
0.417280
-0.477422
-0.908249
0.835097
-1.046231
-1.382002
0.204729
-1.052041
-1.250107
-1.294221
0.379170
1.338107
1.633197
-0.297407
-0.134447
-0.649416
0.281535
-0.394993
1.248864
0.305304
-0.281445
-0.468341
-0.214330
-1.655855
0.620307
-0.725669
-0.012528
-0.996941
0.149029
0.092779
-2.409853
-0.528767
-0.601146
-0.769935
-0.817870
-0.454556
-1.282563
-2.170994
0.995502
0.819372
-0.460397
0.919839
1.425892
-1.483615
-0.064180
0.693300
0.196085
-1.297589
0.283313
-0.180858
-0.261544
-0.922760
-1.101936
-0.179335
-0.514578
-0.874511
-1.776937
0.783517
0.111197
-2.130621
0.935413
-1.653149
0.230137
1.974425
-0.311287
0.946460
-1.106374
-0.196471
-0.157839
-0.653590
-0.067130
1.584078
-1.036982
-1.037544
-0.126334
0.597799
0.869227
-0.797225
-1.804228
1.052784
-1.002563
-0.807973
-0.216569
1.077531
-1.076310
-0.591663
-0.129670
-0.620573
-1.778993
-0.895279
0.909392
0.868010
-0.667389
0.105520
-1.084447
-0.371950
0.297422
1.624435
0.289079
0.330735
-1.265719
-0.074291
0.626033
0.387500
-1.078620
-0.032548
-0.890427
0.514974
0.358593
0.432702
1.556725
-0.026403
-0.207506
0.422247
-0.929583
0.594029
0.159991
-1.375041
1.152876
-0.612920
-0.033246
-0.540007
-1.670402
0.637233
-1.324079
-0.855420
-0.728634
0.682465
1.477155
1.209189
1.052919
-0.080174
0.712414
-1.860996
0.328281
-0.265455
-0.927479
0.774255
-0.362758
-0.700468
0.365758
-0.906607
0.280112
-0.120962
0.037657
0.739001
-1.079322
2.799543
-1.400075
0.345235
-0.944993
-0.262500
2.865976
-0.475745
-1.590421
-1.053279
-0.590874
2.097051
-0.150578
-0.707865
0.736020
0.173470
-1.558291
0.256965
-1.453341
-1.419270
-0.224333
-1.473087
0.654276
-0.235471
0.704810
-1.451141
1.726746
-1.134082
-0.416038
0.755524
0.225878
-0.248767
-0.825756
-0.881507
0.307085
-0.081192
-0.761544
-0.233128
0.358354
0.019252
-0.138553
-0.916258
1.442158
-0.824280
-0.498119
0.450542
-0.969803
1.590237
-1.435876
-0.044968
-1.192463
1.355977
-0.748767
0.487612
1.051935
-1.233900
-1.993971
-0.920708
-0.616998
0.263867
0.256938
-0.831737
-0.151450
-1.639650
-0.097866
0.571449
-0.757445
-0.228247
-0.523346
-0.312909
0.165079
-0.838989
-0.051640
-0.782916
-0.677117
-0.792814
0.251403
-0.011096
0.431831
0.412313
0.006329
0.559562
0.939204
-0.544909
-0.986478
0.383369
-0.159478
-0.514402
-1.051436
0.027676
0.289624
0.152542
-1.115054
-0.459773
-0.024753
-0.068635
-0.618095
0.376844
0.743622
0.269405
0.829501
0.483568
0.693389
-0.296471
0.587963
0.325583
-0.572837
-0.343819
0.509178
0.724309
-1.109573
-0.655158
0.405529
-0.993864
-0.011122
0.365586
0.344796
0.728011
0.673649
0.034827
-0.386243
0.077197
0.034956
0.285691
-0.698348
-1.092631
-0.277379
0.069406
0.908612
0.259694
-0.583363
0.452095
-1.323864
-1.198814
0.207673
0.539376
0.053042
-0.209100
-0.089405
0.239242
-1.370998
-0.463885
1.398204
-1.451310
-0.078277
-0.930611
0.982240
0.118563
-0.641772
-0.544406
0.183464
0.992866
0.724964
-0.062960
-0.637080
0.623786
-2.450186
-0.763494
-0.067881
-0.165115
-0.560237
0.007190
-0.445298
-0.236327
0.406686
-0.065682
-0.440374
-0.029387
-0.712425
-0.200926
-1.394133
-0.311549
0.222774
0.462961
0.066792
-1.162283
-1.017060
-0.083073
1.141032
-0.098037
-2.054165
0.613807
-0.018290
0.592672
-2.033824
0.439164
-1.581387
0.316474
0.734209
-0.306304
-0.510182
-0.413954
-0.831480
0.459624
0.582376
0.753854
-0.102118
-0.688769
0.446352
0.536657
-0.520005
-0.061399
-2.282611
-0.472729
-0.141368
0.116660
0.992784
-0.979474
-0.789490
-0.500675
-0.611493
-0.761942
-1.241568
0.145133
-0.665942
-1.331219
-0.340036
-0.834475
0.636185
-0.166583
0.038573
0.724855
0.508074
-0.656919
0.500288
-0.908215
-0.339593
-0.711352
-0.391046
0.285888
-0.057498
-0.796557
-0.823205
0.161462
0.324268
-0.989078
0.438114
1.421629
0.187657
0.899374
0.441011
-0.812941
-0.259390
0.606942
0.455560
0.307338
0.788688
-0.732776
0.701986
1.162222
-0.115134
-0.473924
0.890862
0.268786
-0.681266
-0.907296
-0.144717
-1.341477
0.150893
-0.489870
0.981070
-0.664525
-0.505551
-1.259783
-0.216217
1.173688
-0.127332
-0.664327
-0.901236
-0.824670
0.703068
0.539775
-0.637612
-0.556322
0.146718
0.817949
0.751016
-0.064594
