0
0
0
0
0
0
0
0
0
0
0
0
0
0
0
0
0
0
0
0
0
0
0
0
0
0
0
0
0
0
0
0
0
0
0
0
0
0
0
0
0
0
0
0
0
0
0
0
2
4
6
8
10
12
14
16
18
21
25
29
33
37
41
45
2
4
6
8
10
11
11
11
11
11
11
11
11
11
11
11
0
0
0
0
0
0
0
0
0
2
4
4
4
4
4
4
0
0
0
0
0
0
0
0
0
0
0
0
0
0
0
0
0
0
0
0
0
2
4
4
4
4
4
4
4
4
4
4
4
8
12
14
16
19
23
27
31
35
39
43
47
51
55
59
4
8
12
16
20
24
28
32
36
40
44
47
49
52
56
60
0
1
3
3
3
4
6
6
6
8
9
9
9
9
9
9
0
0
0
0
0
2
4
5
5
6
8
9
9
10
12
12
0
0
0
0
0
2
4
4
4
5
7
7
8
10
12
12
3
7
9
11
13
15
17
19
21
23
25
27
29
33
37
40
2
6
10
13
17
19
21
23
25
27
29
31
33
35
37
39
0
0
0
0
1
3
3
3
3
5
7
7
7
7
7
7
