0
0
0
0
0
0
0
0
0
0
0
0
0
0
0
0
0
0
0
0
0
0
0
0
0
0
0
0
0
0
0
0
0
0
0
0
0
0
0
0
0
0
0
0
0
0
0
0
0
0
0
0
0
0
0
0
0
0
0
0
0
0
0
0
0
0
0
0
0
0
0
0
0
0
0
0
0
0
0
0
0
0
0
0
0
0
0
0
0
0
0
0
0
0
0
0
0
0
0
0
0
0
0
0
0
0
0
0
0
0
0
0
0
0
0
0
2
4
6
7
9
11
12
12
12
12
12
12
2
4
6
8
10
12
14
16
18
20
24
28
32
36
40
44
2
3
5
7
8
10
12
14
14
14
14
14
14
14
14
14
0
0
0
0
0
0
0
0
0
0
0
0
0
0
0
0
0
0
0
0
0
0
0
0
0
0
0
0
0
0
0
0
0
0
0
0
0
0
0
0
0
0
0
0
0
0
0
0
2
4
6
8
10
12
14
16
18
20
22
24
27
31
35
39
1
3
5
7
9
11
11
11
11
11
11
11
11
11
11
11
0
0
0
0
0
0
0
0
0
0
0
0
0
0
0
0
