0
0
0
0
0
0
0
0
0
0
0
0
0
0
0
0
0
0
0
0
0
0
0
0
0
0
0
0
0
0
0
0
0
0
0
0
0
0
0
0
0
0
0
0
0
0
0
0
0
0
0
0
0
0
0
0
0
0
0
0
0
0
0
0
0
0
0
0
0
0
0
0
0
0
0
0
0
0
0
0
0
0
0
0
0
0
0
0
0
0
0
0
0
0
0
0
0
0
0
0
0
0
0
0
0
0
2
3
3
4
6
8
0
2
4
6
8
10
12
14
16
18
20
22
24
26
28
28
4
8
12
14
16
18
22
26
30
34
37
41
45
49
52
56
2
2
2
3
5
5
5
5
6
8
8
8
8
8
10
11
2
4
8
11
13
15
17
21
25
27
29
32
36
39
41
43
4
7
9
11
14
18
21
23
25
27
31
34
36
38
40
44
0
0
1
3
4
4
4
6
8
9
9
9
10
12
13
13
4
8
11
13
15
17
21
25
29
33
37
41
43
45
47
49
2
4
6
8
12
16
20
24
28
32
34
36
38
40
44
48
2
4
8
11
13
15
17
19
21
23
25
27
29
31
33
35
