0
0
0
0
0
0
0
0
0
0
0
0
0
0
0
0
0
0
0
0
0
0
0
0
0
0
0
2
4
6
8
10
0
0
0
0
0
0
0
0
0
0
0
0
0
0
0
0
0
0
0
0
0
0
1
3
3
3
3
3
3
3
3
3
0
0
0
0
0
0
0
0
0
0
0
0
0
0
1
3
0
0
1
2
2
2
2
2
2
2
2
2
2
2
2
2
0
0
0
0
0
0
0
0
0
0
2
4
6
8
10
10
0
1
3
4
4
4
4
4
4
4
4
4
4
4
4
4
0
0
0
0
0
0
0
0
0
0
1
3
3
3
3
3
1
1
1
1
1
1
1
1
1
1
1
1
1
1
1
1
0
0
0
0
0
0
0
2
3
3
3
3
3
3
3
3
0
0
0
0
0
0
0
0
0
0
0
0
0
0
0
2
0
0
0
2
2
2
2
2
2
2
2
2
2
2
2
2
0
0
0
0
0
2
4
4
4
4
6
8
8
8
8
8
2
4
6
8
10
12
14
16
18
20
22
24
26
28
32
36
0
0
0
2
4
6
6
6
6
6
6
6
6
6
6
6
