0
0
0
0
0
0
0
0
0
0
0
0
0
0
0
0
0
0
0
0
0
0
0
0
0
0
0
0
0
0
0
0
0
0
0
0
0
0
0
0
0
0
0
0
0
0
0
0
0
0
0
0
0
0
0
0
0
0
0
0
0
0
0
0
0
0
0
0
0
0
0
0
0
0
0
0
0
0
0
0
0
0
0
0
0
0
0
0
2
3
3
3
3
3
3
3
2
5
9
13
16
18
20
22
24
26
28
30
32
34
36
38
0
0
0
0
2
3
3
3
3
5
7
9
11
11
11
11
4
6
8
10
12
14
16
18
20
22
24
26
30
33
35
37
2
3
3
3
4
6
7
7
7
7
7
7
7
7
7
7
0
0
0
0
0
0
0
0
2
3
3
4
6
8
8
8
4
8
10
12
14
16
18
20
22
24
26
28
30
32
34
36
0
0
0
0
1
3
4
6
8
8
8
8
8
8
8
8
0
0
0
0
0
0
0
0
0
0
0
0
1
3
5
7
2
4
6
7
7
7
7
7
7
7
7
7
7
7
7
7
2
4
6
8
10
12
15
19
23
27
30
32
34
36
38
41
