0
0
0
0
0
0
0
0
0
0
0
0
0
0
0
0
0
0
0
0
0
0
0
0
0
0
0
0
0
0
0
0
0
0
0
0
0
0
0
0
0
0
0
0
0
0
0
0
0
0
0
0
0
0
0
0
0
0
0
0
0
0
0
0
0
0
0
0
0
0
0
0
0
0
0
0
0
0
0
0
0
0
0
0
0
0
0
0
0
0
0
2
4
4
4
4
2
2
2
2
2
2
2
2
2
2
2
2
2
2
2
4
0
0
0
2
3
3
3
5
6
6
6
6
6
6
6
6
2
4
6
8
10
12
14
16
18
20
22
26
29
31
33
37
1
1
1
3
5
5
5
5
5
5
5
5
5
5
5
5
0
0
0
0
0
0
1
3
4
4
4
5
7
9
9
9
2
4
5
5
5
5
5
5
5
5
5
5
5
5
6
8
0
0
1
3
4
4
4
4
4
6
7
7
7
7
7
7
2
4
6
8
10
12
14
16
18
20
23
27
30
32
34
36
1
1
1
1
2
4
6
6
6
6
6
6
6
6
6
6
0
0
0
0
0
1
3
5
5
5
5
5
5
6
8
8
