0
0
0
0
0
0
0
0
0
0
0
0
0
0
0
0
0
0
0
0
0
0
0
0
0
0
0
0
0
0
0
0
0
0
0
0
0
0
0
0
0
0
0
0
0
0
0
0
0
0
0
0
0
0
0
0
0
0
0
0
0
0
2
3
0
0
2
3
3
3
3
3
3
3
3
3
3
3
3
3
0
0
0
0
0
0
0
0
0
0
2
3
3
3
3
3
0
0
0
0
0
0
0
0
0
0
0
0
0
0
0
0
0
0
0
0
0
0
2
3
3
3
3
3
3
3
3
3
0
0
0
0
0
0
0
0
0
0
0
0
0
0
2
3
2
3
5
7
9
10
12
13
13
13
13
13
13
13
13
13
0
0
0
0
0
0
2
4
6
8
10
12
14
16
18
20
2
4
6
8
8
8
8
8
8
8
8
8
8
8
8
8
0
0
0
0
0
0
2
3
3
3
4
6
6
6
6
6
0
0
0
0
0
0
0
0
0
0
0
0
0
0
2
3
0
1
3
4
4
6
8
9
9
9
9
9
9
9
9
9
0
0
0
0
0
0
0
0
2
4
6
7
8
10
11
11
